3 25 50
811 812 628 629 626 627 628 629 626 627 628 978 626 627 628 
836 837 653 654 651 652 653 654 651 652 653 1003 651 652 653 
861 862 678 679 676 777 678 679 676 677 678 1028 676 677 678 
708 708 707 707 706 706 706 706 707 708 706 707 1101 1102 1103 
707 708 708 708 708 707 708 708 708 707 706 708 1126 1127 1128 
707 707 706 706 706 706 707 707 707 706 708 706 1151 1152 1153 
706 707 707 707 708 706 706 708 707 707 708 708 708 707 707 
707 706 706 706 706 708 708 708 708 707 708 707 708 708 708 
707 707 708 708 707 708 707 706 708 706 707 708 708 706 706 
707 707 706 706 707 708 706 707 706 708 708 706 708 707 706 
708 707 706 708 706 708 707 708 706 706 707 706 706 706 707 
707 708 708 706 706 706 706 708 706 708 708 708 708 707 706 
707 706 706 708 707 707 707 708 708 707 708 706 706 706 708 
727 727 727 727 727 727 727 727 727 727 727 727 727 727 727 
705 705 705 705 705 705 705 705 705 705 705 705 705 705 705
0 0 0 0 0 0 0 0 0 0 0 0 0 0 0 
0 0 12 0 57 0 57 0 58 59 60 0 10 0 0 
0 0 37 0 107 0 107 2 83 84 85 51 35 1077 0 
736 738 0 704 0 0 0 27 0 0 0 1053 0 0 0 
0 0 0 0 0 0 0 0 0 0 0 0 0 0 0 
0 0 883 884 935 0 0 0 0 0 0 0 0 0 0 
0 0 908 909 960 0 0 0 0 0 0 0 0 0 108 
0 0 0 0 0 0 0 0 0 0 0 0 0 0 133 
0 0 0 0 0 0 0 0 0 0 0 0 0 0 158 
0 0 0 0 0 0 0 0 0 0 0 0 0 0 0 
0 0 0 0 0 0 0 0 0 0 0 0 0 0 108 
0 0 0 0 0 0 0 0 0 0 0 0 0 0 133 
0 0 709 0 0 0 0 0 0 0 0 0 0 0 158 
708 705 681 706 706 707 706 706 681 708 708 708 708 707 705 
681 708 708 705 707 705 706 681 681 708 708 706 707 681 706
0 0 0 0 0 0 0 0 0 0 0 0 0 0 0 
0 0 0 281 0 0 0 0 0 0 0 0 0 0 0 
0 0 0 306 0 0 0 0 0 0 0 52 0 0 0 
0 0 0 101 0 0 0 0 0 0 0 77 0 0 0 
0 0 0 0 0 0 0 0 0 0 0 910 0 0 0 
0 0 0 0 0 0 0 0 0 0 0 0 0 0 0 
0 0 0 0 0 0 0 0 0 0 0 0 0 0 0 
0 0 0 0 0 0 0 0 0 0 0 0 0 0 0 
0 0 0 0 0 0 0 0 0 0 0 0 0 0 0 
0 0 0 0 0 0 0 0 0 0 0 0 0 0 0 
0 0 0 0 0 0 0 0 0 0 0 0 0 0 0 
0 0 0 0 0 0 0 0 0 0 0 0 0 0 0 
0 0 0 0 0 0 0 0 0 0 0 0 0 0 0 
0 0 0 0 0 0 0 0 0 0 0 0 0 0 0 
0 0 0 0 0 0 0 0 0 0 0 0 0 0 0