1 36 23
546 542 541 545 542 546 544 546 544 546 548 547 544 547 547 
542 614 615 615 615 615 615 615 615 615 615 615 615 616 543 
544 685 275 275 238 272 199 273 274 272 239 273 239 689 543 
542 685 237 202 238 202 163 239 202 202 163 199 271 689 548 
543 685 200 199 237 200 200 271 238 273 273 167 167 689 541 
548 685 274 275 167 271 235 235 236 273 203 239 273 689 545 
547 685 238 237 200 200 167 202 235 239 202 272 202 689 547 
547 685 273 271 238 163 273 237 273 163 163 275 202 689 547 
546 685 167 272 202 203 238 199 239 272 167 201 272 689 542 
542 685 163 274 239 273 275 202 238 271 163 200 273 689 541 
541 685 236 200 274 199 200 235 199 202 199 200 271 689 546 
544 685 271 199 202 167 199 239 272 236 237 236 201 689 542 
542 685 275 203 272 236 200 272 236 203 203 199 200 689 548 
542 758 759 759 759 759 759 759 759 759 759 759 759 725 548 
548 545 548 546 544 548 548 548 547 543 547 543 543 546 548
