3 32 55
0 0 0 0 0 0 0 0 0 0 0 0 0 0 0 
0 795 826 794 795 827 827 827 794 794 794 794 827 795 0 
0 794 795 795 795 795 795 827 795 794 795 826 794 795 0 
0 826 827 826 826 795 795 826 826 795 795 795 794 795 0 
0 827 826 827 795 795 826 795 827 827 826 794 794 826 0 
0 826 794 827 827 826 794 795 827 827 827 826 826 795 0 
0 795 826 827 826 827 795 827 795 827 826 826 795 795 0 
0 827 827 826 794 794 795 827 827 826 794 794 795 826 0 
0 795 826 826 827 794 795 794 794 826 794 827 826 826 0 
0 795 794 794 795 827 826 826 826 794 794 827 794 827 0 
0 827 826 827 794 794 826 827 795 826 827 827 826 795 0 
0 794 794 795 794 795 827 795 827 795 827 794 794 795 0 
0 827 795 795 827 826 827 795 794 827 794 795 826 826 0 
0 0 0 0 0 0 0 826 0 0 0 0 0 0 0 
1053 1055 1087 1051 1051 1085 1084 1084 1050 1088 1088 1087 1052 1051 1083
770 771 772 773 774 777 778 775 772 1327 1328 772 773 778 779 
802 803 804 805 806 809 810 807 804 1359 1360 806 805 810 811 
834 835 836 837 838 841 842 839 836 1391 1392 837 835 842 843 
802 0 0 0 0 0 0 0 0 1423 1424 0 0 0 843 
834 0 0 0 0 0 0 0 0 0 0 0 0 0 875 
866 0 0 0 0 0 0 0 0 0 0 0 0 0 811 
898 0 0 0 0 0 0 0 0 0 0 0 0 0 843 
930 0 0 0 0 0 0 0 0 0 0 0 0 0 875 
962 0 0 0 0 0 0 0 0 0 0 0 0 0 907 
994 0 0 0 0 0 0 0 0 0 0 0 0 0 939 
802 0 0 0 0 0 0 0 0 0 0 0 0 0 971 
834 0 0 0 0 0 0 0 0 0 0 0 0 0 1003 
994 995 995 996 995 997 996 1000 995 997 995 996 1001 1002 1003 
1026 1027 1027 1028 1062 1029 1028 1032 1027 1029 1027 1062 1033 1034 1035 
0 0 0 0 0 0 0 0 0 0 0 0 0 0 0
0 0 0 0 0 0 0 0 0 0 0 0 0 0 0 
0 578 642 0 1069 0 0 0 271 0 0 1070 0 0 0 
0 610 674 0 0 0 0 0 0 0 0 0 0 0 0 
0 0 0 0 0 0 0 0 0 0 0 0 0 0 0 
0 0 0 0 0 0 0 0 0 0 0 0 0 0 0 
0 0 0 0 0 0 0 0 0 0 0 0 0 0 0 
0 0 0 0 0 0 0 0 0 0 0 0 0 0 0 
0 0 0 0 0 0 0 0 0 0 0 0 0 0 0 
0 0 0 0 0 0 0 0 0 0 0 0 0 0 0 
0 0 0 0 0 0 0 0 0 0 0 0 0 0 0 
0 0 0 0 0 0 0 0 0 0 0 0 0 0 0 
0 0 0 0 0 0 0 0 0 0 0 0 0 0 0 
0 0 0 0 0 0 0 1000 0 0 0 0 0 0 0 
417 418 0 169 0 0 0 1032 0 4 7 8 166 162 163 
449 450 0 201 0 0 0 0 0 36 39 40 198 194 195